0
68
171
300
441
588
737
885
1035
1185
1335
1485
1635
1785
1935
2085
2235
2385
2534
2684
2835
2984
3134
3285
3434
3584
3733
3883
4033
4182
4332
4482
4631
4782
4932
5082
5232
5382
5532
5682
5832
5982
6131
6282
6432
6582
6732
6882
7032
7181
7332
7482
7632
7782
7932
8082
8232
8382
8532
8681
8831
8981
9130
9280
9430
9580
9729
9878
10028
10178
10327
10477
10627
10777
10927
11077
11227
11377
11527
11677
11826
11976
12126
12275
12425
12575
12725
12874
13024
13174
13324
13473
13623
13773
13922
14072
14222
14372
14522
14671
14821
14971
15121
15271
15420
15570
15719
15868
16018
16168
16318
16467
16616
16766
16916
17065
17215
17365
17515
17665
17816
17965
18115
18265
18415
18565
18715
18865
19015
19165
19315
19465
19615
19765
19915
20065
20215
20365
20515
20665
20815
20965
21115
21265
21415
21565
21715
21865
22015
22165
22315
22465
22615
22765
22915
23065
23214
23364
23513
23663
23812
23962
24112
24261
24411
24560
24710
24860
25010
25159
25309
25459
25609
25759
25909
26059
26209
26359
26509
26659
26809
26959
27109
27258
27408
27558
27707
27857
28006
28156
28306
28456
28606
28755
28905
29055
29204
29354
29504
29654
29803
29953
30103
30253
30402
30552
30701
30851
31001
31150
31300
31449
31598
31748
31897
32047
32197
32346
32496
32646
32796
32945
33095
33245
33395
33544
33694
33843
33992
34141
34291
34440
34590
34740
34889
35039
35188
35338
35488
35637
35787
35936
36086
36236
36386
36535
36685
36835
36984
37133
37283
37432
37582
37731
37881
38030
38180
38329
38479
38628
38778
38928
39077
39227
39377
39526
39676
